0.009298825
0.009511084
0.010287883
0.01245966
0.012304731
0.013987486
0.015302469
0.015430955
0.013000222
0.009493215
0.0072386656
0.007163841
0.007529698
0.010227325
0.010164963
0.010824573
0.012325242
0.012206235
0.010117805
0.0065790126
0.0066296714
0.005668216
0.005069613
0.0071538175
0.008031107
0.00840805
0.009874772
0.010004482
0.007016536
0.0048115486
0.0056839804
0.0053183944
0.005374021
0.005565594
0.007300021
0.00658227
0.008028142
0.0077257506
0.0065050307
0.0046993396
0.004858011
0.006023999
0.005305352
0.00571954
0.0062068356
0.006640767
0.0071536168
0.0066263983
0.005559954
0.0046433997
0.005971519
0.006055159
0.0066983327
0.0061450293
0.005937416
0.0056968275
0.006594407
0.005803846
0.005577646
0.004856813
0.005467255
0.006888524
0.00620324
0.0058837524
0.0056169783
0.00480202
0.0058345166
0.0054531484
0.0059327446
0.0047075325
0.00564382
0.006440651
0.005980706
0.004910086
0.005282117
0.005621141
0.0061722384
0.0054630656
0.0049332622
0.004495351
0.006015195
0.0060106777
0.0065622926
0.0059545217
0.0048467778
0.0052139927
0.007086685
0.005555937
0.0052246256
0.004378427
0.0058346936
0.0059575127
0.005880914
0.005461105
0.0055119586
0.0049216347
0.006011835
0.0054887156
0.005716372
0.0045407503
0.0050898856
0.0059050554
0.0050591216
0.0047318423
0.005096158
0.0055453503
0.006037962
0.0057230256
0.0048731132
0.003878705
0.0040720985
0.0053630285
0.005195777
0.0049500023
0.0047633294
0.004780678
0.005746219
0.005614173
0.0050576236
0.004332861
0.004971381
0.0058113146
0.0054034567
0.0046188384
0.0051139207
0.005743768
0.0051032742
0.0059957276
0.0044684056
0.0048627197
0.0051136073
0.005354728
0.0050663897
0.005154527
0.004789712
0.0056371605
0.0059539615
0.005067426
0.0049493667
0.0042968984
0.004960042
0.0053682933
0.0053423475
0.005200662
0.0049550226
0.005183013
0.005866355
0.0052767755
0.004904044
0.004186654
0.0051219664
0.0061510717
0.0056057307
0.004305595
0.0051608435
0.0050834385
0.0049195215
0.005419566
0.0049507925
0.0043841894
0.004696702
0.005583416
0.0048694466
0.0058734315
0.0046916828
0.0050161914
0.005061867
0.0051874756
0.0054474473
0.0048740758
0.004878989
0.0049409824
0.0049199294
0.0045541273
0.004893315
0.006329115
0.0051992424
0.004556498
0.0055330945
0.00459555
0.0053547737
0.004877195
0.0049622296
0.0046792044
0.0050598234
0.004643137
0.0052055763
0.005571575
0.0046356805
0.004291472
0.005735817
0.0054956274
0.004630475
0.0048953476
0.005037072
0.004825668
0.005602228
0.0047767903
0.0043872967
0.0047323033
0.0054921973
0.005275438
0.0048947884
0.004584912
0.0050182184
0.004538475
0.0050172308
0.0041833124
0.004720767
0.003756703
0.00518057
0.0051841256
0.0046260627
0.004517424
0.004381641
0.0040218625
0.0051544663
0.004616211
0.004159083
0.0039086575
0.004499858
0.00543487
0.005116276
0.0046959883
0.004600729
0.0045173797
0.0052045058
0.0044276537
0.004217927
0.0037870524
0.005259532
0.0051344987
0.00451067
0.0044166404
0.0044121384
0.0048816144
0.0052009257
0.005061254
0.005874397
0.00424606
0.0048199017
0.0048302454
0.0046001743
0.0043682773
0.0043554967
0.004603484
0.0052372725
0.0048623616
0.004995984
0.0043032183
0.0048332736
0.005123045
0.004494232
0.004702225
0.0050438982
0.0041376785
0.004930143
0.004991001
0.004119742
0.0036350726
0.0041482793
0.005016965
0.004554931
0.0040953406
0.0050144326
0.0039460007
0.0046935114
0.005042102
0.0045706946
0.0037010142
0.0039309724
0.005109272
0.0044773207
0.004442581
0.0042759203
0.0041488633
0.0048938757
0.004705559
0.0044307867
0.0036849957
0.004672143
0.0050657177
0.0044366317
0.004694378
0.0040270137
0.0046071876
0.004617527
0.004469404
0.0041730213
0.003966673
0.004355175
0.0049762377
0.004596231
0.0041241487
0.0043445667
0.0056766225
0.0049142498
0.004762657
0.003838353
0.003811443
0.0051233103
0.005271197
0.004752205
0.004688889
0.0039573014
0.0043876246
0.0048816926
0.0038010385
0.00435107
0.0037563243
0.0038515795
0.005103022
0.0042682774
0.004155454
0.0040178886
0.0037951914
0.0050186785
0.004420255
0.0041205403
0.003478601
0.003989131
0.004404063
0.0048470264
0.004179597
0.004616508
0.0036659373
0.003852455
0.0035286366
0.0050869174
0.0037547753
0.004303302
0.0053107454
0.004069766
0.0042147627
0.004273622
0.0049574757
0.004731076
0.0045046145
0.0040838434
0.0038601018
0.0040635006
0.005029385
0.0045470353
0.004248713
0.0038696958
0.0045577367
0.005273026
0.0034704213
0.004320469
0.003967159
0.0038428346
0.004757007
0.004488169
0.0038764959
0.004648825
0.004194889
0.0040866905
0.0046869707
0.0043416764
0.0040906174
0.0040200213
0.0040216427
0.0045081005
0.0043260725
0.0035984623
0.0043017003
0.0047352873
0.0039214296
0.0037616955
0.0035203884
0.0038295148
0.0043953373
0.0045548547
0.0037498767
0.0038729524
0.0036809861
0.004377009
0.0034228736
0.0037571716
0.00388538
0.0037467424
0.004922704
0.0040119058
0.004290861
0.004177772
0.0044431635
0.0041572317
0.004617797
0.0048833927
0.0048280386
0.0039337478
0.004443585
0.0034582075
0.0047023953
0.0037355155
0.00381827
0.0041303188
0.0035756428
0.0039825384
0.003472771
0.0045862095
0.0046963254
0.0041450337
0.0051460457
0.003544114
0.0052270917
0.00401888
0.0036734762
0.003424044
0.003077376
0.0039050167
0.0043773665
0.00395617
0.0038161874
0.0037671153
0.0042607854
0.0043439553
0.003947685
0.0037539438
0.003664149
0.004081604
0.004659244
0.004128058
0.004071066
0.0040474245
0.0045947493
0.004150784
0.003734764
0.0035025587
0.0036943133
0.0038663873
0.004597964
0.004047631
0.003766852
0.0035368612
0.0035485795
0.0038395028
0.0035687117
0.0041120555
0.0038828773
0.0036626016
0.0044247257
0.0038972269
0.004478726
0.0030018957
0.003933183
0.0037785138
0.0034329284
0.003367798
0.0035251614
0.005814887
0.005133768
0.0039849523
0.0040484997
0.0037357402
0.003926857
0.0045882673
0.0045350846
0.004330747
0.0041222842
0.0038146034
0.0042820405
0.003899363
0.0035221465
0.003791775
0.0038253185
0.0036579466
0.0037809787
0.003473413
0.0033744369
0.0035816855
0.0041764127
0.004108488
0.0043200944
0.00460143
0.0036901233
0.0037163768
0.0039896127
0.0043346547
0.0036290116
0.003471321
0.0040162983
0.003727583
0.0046605254
0.0037511105
0.004167535
0.0040921737
0.0041722483
0.003708959
0.0033563538
0.0034636145
0.004780306
0.003809067
0.0035726526
0.0029968652
0.0037747321
0.0038978346
0.0044421344
0.0033722704
0.0034936396
0.004129315
0.0041724555
0.003851004
0.004100877
0.003457964
0.0039356058
0.0050613927
0.0043259333
0.0035018025
0.0034000466
0.004153421
0.004002208
0.0043467344
0.0044806325
0.0035005403
0.0040864735
0.0049060006
0.0033068615
0.0035152137
0.003537464
0.004322436
0.003798007
0.0038270848
0.0035146268
0.004015808
0.0037804053
0.004306181
0.0030615996
0.0036642656
0.0031938301
0.0036326083
0.0034722283
0.0034792228
0.0037509
0.0035063238
0.0038830934
0.0039718356
0.003995529
0.0034766968
0.0037193017
0.0036186709
0.004085429
0.0039917305
0.0039464985
0.0030072068
0.004467331
0.0041530267
0.0033613537
0.0040539475
0.0036258015
0.0028657988
0.0033553953
0.0032202704
0.0039017291
0.0041082385
0.004095827
0.004152089
0.0043009897
0.0037050336
0.0033653185
0.003351645
0.0036389602
0.0034252412
0.0047701118
0.0036267687
0.0034743825
0.003714222
0.00398373
0.003475324
0.003549542
0.00358474
0.0037625302
0.003892178
0.003763054
0.00458614
0.0037566167
0.0042235455
0.003787321
0.003560475
0.003224914
0.0033743624
0.0036994256
0.0034294783
0.004355561
0.0033475428
0.003271411
0.004357841
0.0038091005
0.00322931
0.002991195
0.003821431
0.0041949656
0.003664278
0.0039556744
0.0033941888
0.0035355866
0.0038970483
0.0035300585
0.0037743244
0.0032405835
0.0039412254
0.0036889776
0.00406124
0.004057806
0.0034811615
0.0035849607
0.0033962608
0.0031857044
0.0033908952
0.0032770243
0.0033116632
0.0038064274
0.0039712824
0.0031545341
0.003861445
0.003767366
0.0038660364
0.0035587032
0.0033427249
0.0033526048
0.0031424693
0.0035848871
0.0038454558
0.0032980447
0.0029727216
0.0038316417
0.0038472707
0.0039984696
0.0039267563
0.0030380057
0.00402332
0.003537285
0.004004701
0.0038371114
0.0035655182
0.0034313204
0.004733168
0.0038543935
0.0030471361
0.0036136764
0.0035261735
0.0038934257
0.0032208057
0.0032552772
0.0029412194
0.0037049945
0.0035407296
0.0027538189
0.0032715907
0.0031357566
0.0032421562
0.0039843027
0.0035019545
0.0039507532
0.0042677983
0.004445598
0.0035674511
0.0035799386
0.0033711009
0.0031257786
0.0037261944
0.0038777872
0.0037928235
0.0039719073
0.0030182684
0.0038428614
0.004044062
0.0036103493
0.0031887987
0.003515067
0.0032490622
0.004618455
0.003959321
0.0035173728
0.0034074942
0.0036823018
0.0039430927
0.0032360728
0.0037058576
0.0028460978
0.0031649703
0.0036931282
0.0034843262
0.002943808
0.0034051887
0.003121753
0.0036525654
0.0039360453
0.0041488674
0.003232785
0.0032514874
0.0032859205
0.003414256
0.0034883532
0.0030205073
0.003982727
0.003488967
0.0032535575
0.0034785967
0.0034068814
0.004006359
0.003533704
0.003796833
0.00474977
